115344
4654647
5652799
5817287
7120395
14269730
16494228
17929042
21531906
23477293
23778943
27489079
28159952
28925879
29791151
29913476
32492815
34265061
37553084
39723235
40344216
40421621
41317428
41650167
43233907
44374391
46276680
48353683
48642947
49221869
50148285
50546064
55833138
56459159
61232854
62856685
65533943
68325794
71911983
77048195
78267301
78359488
84462795
87431361
91068925
92213130
94123728
97161204
97282310
98026317
98049113
100900762
101718395
102263638
103161588
104762751
105044313
106900274
107365722
110255126
114920088
116904602
117587393
118578739
119051273
119371946
119468759
120409929
123704355
126252066
126691421
127947056
132232537
133075064
138069511
144277883
147039279
147638539
148957649
151435733
153666607
154260897
159139465
159772654
162060540
162665042
168122896
174330505
174920271
176765678
180988213
182375327
184034724
185558021
188920875
192290357
193187389
193477066
196347382
196624047
199448369
200844955
202083027
202784931
204378854
204499713
208550387
210116243
212502475
215266781
216356986
218113400
218405922
220602632
222753960
224278383
228953424
229799136
232521916
234036724
234418575
234985070
236276549
236395410
239174951
245115953
246848101
248767150
253704172
256318726
258542186
266301886
270189890
270816005
277259197
278401208
278737556
279152245
285649097
286327146
292755106
293626269
295519537
296685358
298585899
299036508
303413200
304084198
307619314
309831154
310366643
312528340
313002617
313287855
314778276
314888403
314939937
317549105
317716405
321614526
323871660
324358730
324390322
326673144
328082994
330186869
332329296
332410946
332991932
335087931
335268856
336381068
339467834
341240841
342609052
343095520
344656547
346168281
348169265
348779536
349254327
350345938
355459871
356262777
358470816
358758080
358976547
364211803
365182332
365906480
372757005
374904794
374983308
377461498
378781959
378904517
383073234
383517141
384599247
389596536
391985260
393420589
397096608
400594133
404164432
412443020
414036198
415962151
420786464
422740264
423394525
424529531
425132961
426585999
429714336
430274078
431244582
431469205
431699038
436260495
437651494
440814573
442162124
445688521
446642605
451466116
456275830
458442242
460683475
461193357
464993942
471417270
474804778
479153999
479667545
480564086
483013859
485421209
488093753
489674709
490348130
491315221
491354857
492496953
492618691
493479760
498257396
498876367
500897978
509141107
511251082
511985300
513488376
516519654
518420319
520188528
522409923
522962489
523374258
525203736
525354382
528608836
528624471
532293255
534235670
535406530
536396970
536830059
537644728
539093887
542441363
544622643
545127730
545557321
555317085
555745893
555874214
556901156
559393312
560148209
561719421
562376268
562991484
563056773
563060008
564319646
566224973
566887436
570092362
576866983
581883722
582116460
590590498
594142780
598348879
599561585
601914472
603936150
605894178
613907722
614611207
621292854
623148505
623682717
623813138
623981438
624281449
626696245
627502858
629101895
631416706
631817379
634255220
637217798
637902793
638632358
643599314
645503820
647179718
650135462
652395288
654908786
656487397
658365081
659002441
661528431
661534808
663213779
665391453
665459105
669122481
670853083
676647785
678145560
681972804
683605579
687111937
687278077
687978904
688217933
695099299
695943494
700336027
705767495
710504842
711014685
711842043
712297971
713396751
713983077
717292249
718328950
718771009
721531852
725941840
733047245
734846395
738717149
739469469
739832081
742400847
745268516
749408070
754130494
758002352
758643065
758785141
759695939
760466797
764606557
765350081
765857882
768136170
769229889
770546040
774432968
780292305
780766783
781522463
781823394
783129764
784207598
784457249
784860213
785687758
787810058
791749956
792641977
798644409
798709064
798956760
801670597
802727734
803431099
803571280
803995693
806114188
807197029
808531159
808655202
812171429
813649490
817180499
820279073
823484439
827264052
827557744
827753087
833213896
833308722
833714909
834509536
835104388
837388724
839540633
839754421
841533741
841634839
842399806
843452366
844985744
845043771
847015702
847805490
848813618
853234874
855670421
857419474
859847638
861738835
867360368
868083459
869403254
869995583
872369692
872822638
873265231
875949996
879605073
880024582
881808073
885843595
886742908
890453333
891840525
893136076
895603420
896463264
896994300
899520033
899590471
906301294
906731854
907061008
910200905
911766372
914916737
914934177
919480713
920000477
924533548
925005712
926601108
927508704
930345572
935127995
936123593
942576046
942693721
945824933
946678194
947091385
948373474
951439314
952546254
954400344
955384997
956392384
961027307
963815683
969317219
971241805
971441396
972429065
973314012
974681050
974999529
980509427
981042064
981830691
983078501
983496014
987073631
991592417
993624469
994992268
995000878
997044751
1003351888
1005222132
1007308677
1007909551
1008228993
1011619798
1020232663
1027125579
1029661982
1030696859
1030785970
1032733318
1032809542
1035978114
1037849336
1038000762
1041388128
1041544234
1057450862
1059375973
1060357054
1062577043
1067875437
1067956934
1073705034
1080892957
1082572657
1083820631
1084264122
1086121141
1087966340
1089916921
1092620988
1097255906
1102621943
1106656857
1108984364
1109645894
1116793143
1120176006
1121349887
1124654641
1124858024
1125311551
1126937345
1128195022
1131286057
1132508592
1145682115
1146073509
1147187396
1149018887
1152523448
1155441760
1156914330
1159233850
1168810448
1169513542
1178788816
1179426649
1180646654
1183533256
1183798195
1184745419
1184844995
1187332282
1191240152
1202475574
1210481120
1213563981
1213589346
1213855392
1217585566
1219952918
1230291529
1231043944
1231496890
1239232869
1240691454
1240885848
1243484564
1248036483
1249127460
1249146143
1251125521
1255007956
1255783417
1256618277
1265290544
1265496952
1266283417
1267814545
1270181528
1270573292
1271446572
1277440458
1277737047
1283041146
1287065694
1287527869
1287683668
1288404150
1289592716
1291078396
1293633322
1294037386
1294070650
1296837814
1297674573
1300335397
1306333192
1306532928
1307558664
1314527975
1316532338
1319923642
1322296400
1325645149
1326131045
1328845297
1329354520
1331719481
1333429977
1344551589
1344663327
1348729775
1356475798
1358264270
1360654803
1360945012
1366569248
1369431997
1371252174
1374513811
1375634361
1378703479
1378858896
1378974821
1385442533
1385540844
1386612282
1388014705
1395351717
1401077476
1402277184
1404746758
1407507430
1411537790
1411900610
1416324694
1416930326
1421416894
1422065278
1432566786
1435157697
1438084925
1442449207
1443139879
1445563354
1449110306
1450803787
1453103085
1453773538
1456179746
1456379941
1456702428
1460778005
1462174592
1462485008
1472280121
1475150738
1478564957
1480824525
1481849520
1485105592
1488743140
1492625755
1493400830
1493451763
1494559607
1499126589
1499256498
1500085997
1508438326
1513930456
1516114581
1516238162
1519181786
1519983453
1520535752
1520639576
1521501990
1522611549
1525445037
1530874538
1531105102
1534854481
1535019820
1535747810
1539578731
1540558199
1546392616
1551852447
1552527281
1554583111
1556330459
1556476029
1556636240
1557267645
1559331167
1559446511
1560393381
1561393869
1562090105
1562423673
1563121780
1563917839
1566277154
1567817860
1569047660
1571874008
1573839108
1576469326
1579288051
1581492838
1582837474
1583708793
1584039218
1585248679
1587792039
1589208327
1589730339
1593505892
1595391077
1597978523
1599696978
1600812817
1601747316
1602405107
1610026397
1611213334
1611475523
1613850571
1615033941
1615869156
1618598843
1621700408
1623458233
1630622448
1634857447
1636464612
1638270365
1641851733
1643176048
1645721494
1646599048
1648015757
1649062582
1651213224
1651930902
1652974046
1653574474
1655020870
1658345961
1659172696
1660116586
1663876701
1664623918
1665880087
1666011824
1667241791
1672711976
1676295148
1677463686
1679132364
1681201898
1683718237
1689274694
1689921958
1690450430
1690598321
1691020734
1692500210
1692880260
1695004880
1696725781
1696942054
1704891409
1708339119
1709909130
1711230669
1711805935
1715271710
1718644887
1719328186
1720723121
1722285707
1723660431
1728529242
1728676812
1730481751
1731867221
1739060705
1739422579
1740039967
1740365218
1741808577
1742028986
1742452231
1750076322
1750445659
1750673887
1753241772
1755458335
1758052151
1763747795
1771443712
1773474808
1773561341
1774391252
1774676797
1775470207
1776166731
1776663403
1778012413
1778362087
1779378629
1785453736
1787097014
1790288498
1791568770
1794075528
1794875249
1794941319
1795934085
1798805999
1800061551
1800952291
1801446412
1801642426
1801897959
1802993831
1806340583
1811586479
1813068434
1813254241
1815756978
1816274983
1818749736
1821685914
1824710423
1824985808
1825501502
1825707828
1827425877
1827587012
1829117199
1830249240
1835219465
1835751830
1842238251
1842300742
1842929749
1843045093
1843218766
1843557882
1844624483
1844888532
1851406129
1852970848
1857494958
1858325774
1861128293
1861678817
1862079384
1864247640
1864640000
1865702421
1867029906
1869389965
1870048273
1870076743
1876272736
1879026864
1879453189
1887933126
1890119649
1891826337
1891978646
1893592405
1895827579
1895831228
1896497499
1897086579
1901472510
1901962187
1907611597
1910449196
1913352281
1914582336
1916955174
1917155286
1917656646
1921276349
1925646409
1926645613
1927887669
1929969049
1930476454
1930583177
1930956057
1932862936
1935325969
1935445873
1939962127
1941328190
1942907301
1952613855
1952783513
1955629304
1957086760
1957979996
1964250441
1969421942
1976000512
1979063979
1980007909
1981129241
1981666629
1983862195
1986210318
1986428955
1987819715
1989364851
1990336598
1990988052
1993055586
1995502992
1996848769
1997608064
2002541272
2005340978
2005778762
2006280522
2007515516
2009560499
2009956752
2011112181
2015003958
2021758295
2021785246
2030114939
2031102966
2033741051
2034299452
2038066129
2039189999
2041352650
2041413136
2042046589
2044257820
2045256378
2045727948
2046698229
2047779700
2051598991
2052354495
2054287532
2056735536
2058603737
2059541573
2064438619
2064872829
2064910310
2069234402
2071686269
2071722593
2072713965
2073173437
2073323768
2076368571
2076518987
2079039506
2079619582
2079716021
2081050205
2081087291
2083201183
2084063484
2084692306
2085293159
2085714516
2086562490
2087488362
2088752088
2090570924
2093759964
2093798708
2095527978
2096483513
2099175348
2100282803
2102652377
2103413637
2112048538
2112063900
2112679036
2113226512
2113302556
2116400876
2116556299
2117733213
2119147178
2120295835
2122619643
2123119401
2125362915
2129657762
2131719291
2135819033
2135987906
2136094690
2140238163
2143814366
2145097416
2147030702
